
time,npos,epos,alt,phi,theta,psi,vel,alpha,beta,p,q,r,nx,ny,nz,mach,qbar,ps,

 0.00000, 0.00000, 0.00000,15000.00000, 0.00000, 4.53071, 0.00000,500.00000, 4.53071, 0.00000, 0.00000, 0.00000, 0.00000, 0.07898,-0.01317, 0.99668, 0.47339,187.31921,1193.18672,2109.41287,-2.24415,-0.09358, 0.09447,
 0.10000,50.00000,-0.00211,14999.99997, 0.00017, 4.53071,-0.00004,500.00000, 4.53078,-0.00475, 0.00512, 0.00004,-0.00122, 0.07898,-0.01293, 0.99668, 0.47339,187.31921,1193.18672,2109.41287,-2.24415,-0.09358, 0.09447,
 0.20000,100.00000,-0.00837,14999.99987, 0.00128, 4.53072,-0.00032,500.00001, 4.53087,-0.00911, 0.01855, 0.00014,-0.00461, 0.07898,-0.01270, 0.99668, 0.47339,187.31922,1193.18673,2109.41287,-2.24415,-0.09358, 0.09447,
 0.30000,150.00000,-0.01871,14999.99971, 0.00398, 4.53074,-0.00103,500.00002, 4.53096,-0.01282, 0.03742, 0.00029,-0.00988, 0.07898,-0.01252, 0.99668, 0.47339,187.31923,1193.18673,2109.41287,-2.24415,-0.09358, 0.09447,
 0.40000,200.00000,-0.03306,14999.99949, 0.00869, 4.53078,-0.00235,500.00004, 4.53107,-0.01567, 0.05898, 0.00046,-0.01664, 0.07898,-0.01238, 0.99669, 0.47339,187.31924,1193.18674,2109.41287,-2.24415,-0.09358, 0.09447,
 0.50000,250.00000,-0.05134,14999.99922, 0.01552, 4.53083,-0.00440,500.00005, 4.53119,-0.01755, 0.08073, 0.00064,-0.02441, 0.07898,-0.01229, 0.99671, 0.47339,187.31925,1193.18676,2109.41287,-2.24415,-0.09358, 0.09447,
 0.60000,300.00000,-0.07349,14999.99889, 0.02438, 4.53091,-0.00726,500.00006, 4.53132,-0.01838, 0.10049, 0.00081,-0.03267, 0.07898,-0.01225, 0.99673, 0.47339,187.31926,1193.18677,2109.41287,-2.24415,-0.09358, 0.09447,
 0.70000,350.00000,-0.09944,14999.99851, 0.03498, 4.53100,-0.01095,500.00007, 4.53146,-0.01818, 0.11649, 0.00094,-0.04088, 0.07899,-0.01227, 0.99676, 0.47339,187.31927,1193.18679,2109.41287,-2.24415,-0.09358, 0.09447,
 0.80000,400.00000,-0.12915,14999.99810, 0.04686, 4.53110,-0.01545,500.00006, 4.53160,-0.01702, 0.12743, 0.00102,-0.04858, 0.07899,-0.01234, 0.99679, 0.47339,187.31927,1193.18681,2109.41287,-2.24415,-0.09358, 0.09447,
 0.90000,450.00000,-0.16257,14999.99767, 0.05950, 4.53121,-0.02067,500.00005, 4.53173,-0.01504, 0.13250, 0.00104,-0.05531, 0.07899,-0.01245, 0.99682, 0.47339,187.31927,1193.18683,2109.41287,-2.24415,-0.09358, 0.09447,
 1.00000,499.99999,-0.19966,14999.99722, 0.07228, 4.53131,-0.02650,500.00003, 4.53185,-0.01239, 0.13141, 0.00099,-0.06073, 0.07901,-0.01260, 0.99702, 0.47339,187.31925,1193.18685,2109.41287,-2.23629,-0.09358, 0.09447,
 1.10000,549.99998,-0.24039,15000.00283, 0.08504, 4.46846,-0.03218,499.99462, 4.45041,-0.00994, 0.14994,-1.74989,-0.04669, 0.07631,-0.01251, 1.06783, 0.47339,187.31516,1193.18658,2109.41287, 1.97756,-0.09358, 0.09447,
 1.20000,599.99832,-0.28461,15000.02643, 0.10396, 4.14265,-0.03631,499.97511, 4.11225,-0.00881, 0.23752,-4.79249,-0.02487, 0.06805,-0.01166, 0.97869, 0.47337,187.30040,1193.18545,2109.41287, 2.65261,-0.09358, 0.09447,
 1.30000,649.99593,-0.33200,15000.04239, 0.13205, 3.51511,-0.03911,499.98402, 3.51827,-0.00870, 0.32704,-7.70838,-0.00597, 0.05985,-0.01006, 0.82796, 0.47338,187.30698,1193.18468,2109.41287, 2.74215,-0.09358, 0.09447,
 1.40000,699.99646,-0.38199,15000.00282, 0.16883, 2.61258,-0.04139,500.03470, 2.71149,-0.00914, 0.40980,-10.28046, 0.00663, 0.05133,-0.00782, 0.64437, 0.47343,187.34519,1193.18658,2109.41287, 2.75403,-0.09358, 0.09447,
 1.50000,750.00396,-0.43389,14999.84878, 0.21342, 1.47158,-0.04426,500.12756, 1.73837,-0.00951, 0.48144,-12.47659, 0.01055, 0.04349,-0.00509, 0.43910, 0.47352,187.41572,1193.19401,2109.41287, 2.75561,-0.09358, 0.09447,
 1.60000,800.02166,-0.48691,14999.51422, 0.26428, 0.12965,-0.04904,500.25486, 0.64297,-0.00906, 0.53266,-14.30280, 0.00411, 0.03682,-0.00207, 0.21894, 0.47364,187.51318,1193.21013,2109.41287, 2.75582,-0.09358, 0.09447,
 1.70000,850.05077,-0.54030,14998.92794, 0.31886,-1.37887,-0.05703,500.40067,-0.53463,-0.00713, 0.54642,-15.84180,-0.01101, 0.03385,-0.00007,-0.02014, 0.47377,187.62609,1193.23839,2109.41287, 2.75585,-0.09358, 0.09447,
 1.80000,900.09031,-0.59380,14998.01268, 0.37094,-3.03927,-0.06899,500.56101,-1.77186,-0.00389, 0.47022,-17.38049,-0.02756, 0.03609, 0.00061,-0.27946, 0.47392,187.75194,1193.28251,2109.41287, 2.75585,-0.09358, 0.09447,
 1.90000,950.13620,-0.64772,14996.68489, 0.41156,-4.85869,-0.08509,500.70759,-3.06981, 0.00091, 0.30611,-19.03394,-0.04436, 0.03810, 0.00116,-0.55443, 0.47406,187.87003,1193.34651,2109.41287, 2.75585,-0.09358, 0.09447,
 2.00000,1000.17860,-0.70254,14994.85618, 0.43274,-6.85196,-0.10527,500.80171,-4.43760, 0.00823, 0.06374,-20.86942,-0.06209, 0.04009, 0.00159,-0.84675, 0.47414,187.95185,1193.43466,2109.41287, 2.75585,-0.09358, 0.09447,
 2.10000,1050.20040,-0.75881,14992.43237, 0.42888,-9.03772,-0.12928,500.79151,-5.88245, 0.01993,-0.17232,-22.80312,-0.08621, 0.04022, 0.00527,-1.20318, 0.47413,187.95902,1193.55150,2109.41287, 2.75585,-0.09358, 0.09447,
 2.20000,1100.17325,-0.81615,14989.30257, 0.41753,-11.39362,-0.15777,500.59884,-7.35892, 0.03808,-0.10409,-24.21510,-0.12960, 0.03902, 0.01093,-1.58651, 0.47394,187.83354,1193.70240,2109.41287, 2.75585,-0.09358, 0.09447,
 2.30000,1150.05677,-0.87347,14985.34892, 0.43011,-13.85962,-0.19222,500.17145,-8.81014, 0.06034, 0.24714,-25.00530,-0.18070, 0.03784, 0.01623,-1.95060, 0.47353,187.53706,1193.89303,2109.41287, 2.75585,-0.09358, 0.09447,
 2.40000,1199.80117,-0.92986,14980.46240, 0.49301,-16.37442,-0.23422,499.47645,-10.18518, 0.08171, 0.82118,-25.20907,-0.22778, 0.03745, 0.02063,-2.26979, 0.47286,187.04598,1194.12868,2109.41287, 2.75585,-0.09358, 0.09447,
 2.50000,1249.35198,-0.98530,14974.55411, 0.61884,-18.90114,-0.28511,498.54351,-11.48086, 0.09592, 1.35910,-25.37492,-0.25071, 0.04145, 0.02151,-2.48070, 0.47197,186.38371,1194.41365,2109.41287, 2.75585,-0.09358, 0.09447,
 2.60000,1298.65645,-1.04127,14967.56513, 0.79614,-21.45640,-0.34537,497.38754,-12.73229, 0.10030, 1.74832,-25.77651,-0.24903, 0.04538, 0.02282,-2.68354, 0.47086,185.56256,1194.75082,2109.41287, 2.75585,-0.09358, 0.09447,
 2.70000,1347.65825,-1.10013,14959.44593, 1.01272,-24.06197,-0.41610,495.99357,-13.96392, 0.09454, 2.01774,-26.38037,-0.23274, 0.04928, 0.02457,-2.88136, 0.46953,184.57264,1195.14260,2109.41287, 2.75585,-0.09358, 0.09447,
 2.80000,1396.29605,-1.16488,14950.15249, 1.25973,-26.73660,-0.49928,494.34384,-15.19641, 0.07922, 2.19837,-27.14516,-0.20921, 0.05301, 0.02654,-3.06843, 0.46795,183.40229,1195.59118,2109.41287, 2.75585,-0.09358, 0.09447,
 2.90000,1444.50535,-1.23910,14939.65014, 1.53842,-29.46576,-0.59626,492.44615,-16.42925, 0.05241, 2.49672,-27.29596,-0.16609, 0.05563, 0.02794,-3.20065, 0.46613,182.05907,1196.09827,2109.41287, 2.75585,-0.09358, 0.09447,
 3.00000,1492.22380,-1.32692,14927.92170, 1.86685,-32.16208,-0.70483,490.32229,-17.58891, 0.00575, 2.98687,-26.52269,-0.09651, 0.05799, 0.02991,-3.30677, 0.46410,180.56092,1196.66477,2109.41287, 2.74799,-0.09358, 0.09447,
 3.10000,1539.38784,-1.43327,14914.95644, 2.25896,-34.68204,-0.81955,487.92534,-18.51933,-0.06844, 3.61240,-23.25967,-0.00505, 0.03520, 0.03260,-3.50402, 0.46181,178.87527,1197.29126,2109.41287,-3.25201,-0.09358, 0.09447,
 3.20000,1585.92266,-1.56454,14900.73966, 2.71724,-36.71212,-0.92022,485.25713,-18.91519,-0.17692, 4.40710,-17.15363, 0.12389, 0.01059, 0.03622,-3.53794, 0.45926,177.00606,1197.97853,2109.41287,-6.68833,-0.09358, 0.09447,
 3.30000,1631.78334,-1.72720,14885.28938, 3.24495,-38.10887,-0.98859,482.68822,-18.69358,-0.32176, 5.33019,-10.89823, 0.21981, 0.00791, 0.04106,-3.41466, 0.45680,175.22490,1198.72578,2109.41287,-7.17042,-0.09358, 0.09447,
 3.40000,1676.96982,-1.92717,14868.65268, 3.84693,-38.91791,-1.02260,480.45485,-17.93062,-0.49281, 6.28114,-5.44182, 0.21785, 0.00943, 0.04722,-3.22989, 0.45465,173.70104,1199.53084,2109.41287,-7.23437,-0.09358, 0.09447,
 3.50000,1721.50709,-2.17006,14850.88502, 4.52435,-39.23089,-1.03097,478.67982,-16.73379,-0.66929, 7.13291,-0.98407, 0.07304, 0.01224, 0.05439,-3.00927, 0.45294,172.51954,1200.39111,2109.41287,-7.24285,-0.09358, 0.09447,
 3.60000,1765.43596,-2.46084,14832.04448, 5.27017,-39.14981,-1.03062,477.42492,-15.21751,-0.82207, 7.73278, 2.42395,-0.24319, 0.01568, 0.06168,-2.76781, 0.45172,171.72127,1201.30386,2109.41287,-7.24398,-0.09358, 0.09447,
 3.70000,1808.80791,-2.80350,14812.19108, 6.06865,-38.76566,-1.04173,476.71096,-13.48912,-0.92001, 8.08254, 5.20775,-0.71202, 0.01581, 0.06492,-2.48008, 0.45101,171.31852,1202.26629,2109.41287,-7.24413,-0.09358, 0.09447,
 3.80000,1851.68500,-3.20060,14791.39265, 6.90750,-38.09542,-1.07095,476.53136,-11.58670,-0.94278, 8.30280, 8.07718,-1.27827, 0.01513, 0.06471,-2.16875, 0.45081,171.30516,1203.27520,2109.41287,-7.24415,-0.09358, 0.09447,
 3.90000,1894.13640,-3.65279,14769.72293, 7.76839,-37.12636,-1.11557,476.85657,-9.51420,-0.87509, 8.33273,11.07059,-1.91196, 0.01619, 0.05840,-1.77753, 0.45107,171.65983,1204.32710,2109.41287,-7.24415,-0.09358, 0.09447,
 4.00000,1936.25139,-4.15611,14747.27999, 8.61550,-35.85406,-1.16541,477.72907,-7.34669,-0.71105, 7.92483,13.97820,-2.49726, 0.02389, 0.04108,-1.16809, 0.45186,172.41418,1205.41731,2109.41287,-7.24415,-0.09358, 0.09447,
 4.10000,1978.15280,-4.69784,14724.20892, 9.38479,-34.28969,-1.20006,479.06338,-5.13623,-0.45837, 6.97024,16.83876,-2.93778, 0.03170, 0.01973,-0.53512, 0.45308,173.50856,1206.53886,2109.41287,-7.24415,-0.09358, 0.09447,
 4.20000,2019.95963,-5.26030,14700.66208,10.01918,-32.43950,-1.19469,480.66932,-2.85890,-0.13666, 5.80096,19.59657,-3.19183, 0.03092, 0.00262,-0.09281, 0.45456,174.80737,1207.68441,2109.41287,-7.24415,-0.09358, 0.09447,
 4.30000,2061.75820,-5.82677,14676.76376,10.51087,-30.33371,-1.13351,482.36685,-0.49781, 0.22734, 4.64555,21.94587,-3.26407, 0.02730,-0.01657, 0.34011, 0.45612,176.18085,1208.84795,2109.41287,-7.24415,-0.09358, 0.09447,
 4.40000,2103.61934,-6.37969,14652.63307,10.84696,-28.02387,-1.00891,484.05737, 1.90195, 0.60315, 3.21242,23.77429,-3.13556, 0.04711,-0.03906, 0.77399, 0.45768,177.55689,1210.02373,2109.41287,-7.24415,-0.09358, 0.09447,
 4.50000,2145.60974,-6.90026,14628.39190,10.98639,-25.56196,-0.81663,485.68654, 4.29474, 0.95536, 1.19094,25.14783,-2.79857, 0.07868,-0.06091, 1.20865, 0.45917,178.89473,1211.20581,2109.41287,-7.24415,-0.09358, 0.09447,
 4.60000,2187.78920,-7.36863,14604.16623,10.87324,-22.99640,-0.55600,487.15241, 6.64090, 1.24249,-1.32063,26.02785,-2.24678, 0.11621,-0.07884, 1.64239, 0.46052,180.11770,1212.38807,2109.41287,-7.24415,-0.09358, 0.09447,
 4.70000,2230.20747,-7.76471,14580.08628,10.49842,-20.38772,-0.23190,488.36476, 8.88819, 1.42380,-3.77553,26.24424,-1.49916, 0.16248,-0.09067, 2.06247, 0.46162,181.15673,1213.56413,2109.41287,-7.24415,-0.09358, 0.09447,
 4.80000,2272.90323,-8.06998,14556.28239, 9.87615,-17.79993, 0.14620,489.26425,10.98416, 1.46778,-6.21733,25.94412,-0.62786, 0.21772,-0.09171, 2.44388, 0.46242,181.96506,1214.72762,2109.41287,-7.24415,-0.09358, 0.09447,
 4.90000,2315.90297,-8.26898,14532.87730, 9.00827,-15.24082, 0.57211,489.82909,12.93529, 1.35479,-8.68795,25.93861, 0.26659, 0.28214,-0.08028, 2.79247, 0.46292,182.52389,1215.87249,2109.41287,-7.24415,-0.09358, 0.09447,
 5.00000,2359.22273,-8.34999,14509.98642, 7.92206,-12.67586, 1.03852,490.03505,14.77794, 1.08035,-10.65536,26.14962, 1.10597, 0.35402,-0.05916, 3.12285, 0.46307,182.81301,1216.99305,2109.41287,-7.23629,-0.09358, 0.09447,
 5.10000,2402.87015,-8.30531,14487.72924, 6.71594,-10.16658, 1.51977,489.78206,16.42812, 0.66724,-11.22645,24.19133, 1.82635, 0.40205,-0.04225, 3.48921, 0.46279,182.75607,1218.08338,2109.41287,-3.02244,-0.09358, 0.09447,
 5.20000,2446.83742,-8.13518,14466.22101, 5.57059,-7.97042, 1.97567,489.10109,17.67022, 0.17620,-9.97563,20.35013, 2.39567, 0.43065,-0.02742, 3.63996, 0.46211,182.37528,1219.13777,2109.41287,-2.34739,-0.09358, 0.09447,
 5.30000,2491.09956,-7.84990,14445.52456, 4.64549,-6.16604, 2.40230,488.12610,18.47447,-0.31764,-7.27815,16.36293, 2.79847, 0.44341,-0.01213, 3.70148, 0.46115,181.77074,1220.15306,2109.41287,-2.25785,-0.09358, 0.09447,
 5.40000,2535.62708,-7.46045,14425.66952, 4.05704,-4.74784, 2.80377,486.97191,18.87839,-0.74436,-3.60552,12.56413, 2.99362, 0.44640, 0.00433, 3.69681, 0.46002,181.02854,1221.12772,2109.41287,-2.24597,-0.09358, 0.09447,
 5.50000,2580.39178,-6.97322,14406.66147, 3.87568,-3.69300, 3.17861,485.75089,18.93232,-1.05044, 0.56764, 9.04676, 2.98575, 0.44290, 0.01871, 3.63814, 0.45884,180.23278,1222.06138,2109.41287,-2.24439,-0.09358, 0.09447,
 5.60000,2625.36924,-6.38842,14388.48619, 4.12272,-2.97263, 3.52071,484.56395,18.68748,-1.20728, 4.72260, 5.85539, 2.81092, 0.43504, 0.02880, 3.53564, 0.45768,179.45864,1222.95468,2109.41287,-2.24418,-0.09358, 0.09447,
 5.70000,2670.53971,-5.70016,14371.11326, 4.76902,-2.55386, 3.82115,483.49391,18.19177,-1.21313, 8.37044, 3.01703, 2.51834, 0.42400, 0.03392, 3.39871, 0.45664,178.76746,1223.80903,2109.41287,-2.24415,-0.09358, 0.09447,
 5.80000,2715.88796,-4.89781,14354.49940, 5.74186,-2.40019, 4.07010,482.59670,17.48983,-1.08871,11.12651, 0.56681, 2.15286, 0.40583, 0.03476, 3.23535, 0.45576,178.20042,1224.62650,2109.41287,-2.24415,-0.09358, 0.09447,
 5.90000,2761.40155,-3.96813,14338.59153, 6.93753,-2.46823, 4.25880,481.89610,16.62743,-0.86868,12.74242,-1.42260, 1.74784, 0.38201, 0.03214, 3.05722, 0.45507,177.77491,1225.40965,2109.41287,-2.24415,-0.09358, 0.09447,
 6.00000,2807.07006,-2.89766,14323.33079, 8.23484,-2.70655, 4.38231,481.39993,15.65327,-0.59327,13.10175,-2.88552, 1.33375, 0.35611, 0.02692, 2.87631, 0.45458,177.49667,1226.16132,2109.41287,-2.24415,-0.09358, 0.09447,
 6.10000,2852.88507,-1.67474,14308.65664, 9.50766,-3.05799, 4.44215,481.10052,14.62031,-0.30191,12.22704,-3.79791, 0.94753, 0.32435, 0.01663, 2.69121, 0.45427,177.36015,1226.88444,2109.41287,-2.24415,-0.09358, 0.09447,
 6.20000,2898.83775,-0.29295,14294.50683,10.65087,-3.48004, 4.44931,480.96405,13.57786,-0.03148,10.55631,-4.46563, 0.70217, 0.28443, 0.00067, 2.49166, 0.45411,177.34073,1227.58206,2109.41287,-2.24415,-0.09358, 0.09447,
 6.30000,2944.91781, 1.24717,14280.81625,11.60918,-3.95895, 4.42065,480.97281,12.54435, 0.19320, 8.54406,-5.03270, 0.61510, 0.24843,-0.01459, 2.29588, 0.45410,177.42575,1228.25733,2109.41287,-2.24415,-0.09358, 0.09447,
 6.40000,2991.11624, 2.94067,14267.52135,12.36447,-4.49042, 4.37169,481.11513,11.52746, 0.36016, 6.50839,-5.56614, 0.66059, 0.21611,-0.02661, 2.10418, 0.45421,177.60714,1228.91338,2109.41287,-2.24415,-0.09358, 0.09447,
 6.50000,3037.42521, 4.77943,14254.56050,12.92677,-5.07587, 4.31422,481.37929,10.52870, 0.46742, 4.69528,-6.11523, 0.80196, 0.18721,-0.03505, 1.91576, 0.45444,177.87679,1229.55321,2109.41287,-2.24415,-0.09358, 0.09447,
 6.60000,3083.83772, 6.75315,14241.87356,13.32646,-5.72012, 4.25590,481.75510, 9.54528, 0.51958, 3.24262,-6.68096, 1.00327, 0.16189,-0.03927, 1.72923, 0.45477,178.22775,1230.17978,2109.41287,-2.24415,-0.09358, 0.09447,
 6.70000,3130.34747, 8.85036,14229.40155,13.59358,-6.41446, 4.20372,482.23408, 8.58604, 0.52396, 2.02705,-7.02275, 1.22301, 0.14031,-0.03956, 1.55165, 0.45520,178.65438,1230.79599,2109.41287,-2.24415,-0.09358, 0.09447,
 6.80000,3176.94868,11.05958,14217.08830,13.74983,-7.13516, 4.16486,482.80253, 7.67122, 0.48825, 1.04717,-7.12883, 1.43229, 0.12202,-0.03749, 1.38787, 0.45571,179.14713,1231.40460,2109.41287,-2.24415,-0.09358, 0.09447,
 6.90000,3223.63601,13.36982,14204.88208,13.81835,-7.86093, 4.14355,483.44641, 6.81658, 0.42131, 0.30694,-7.03961, 1.61088, 0.10691,-0.03364, 1.23963, 0.45630,179.69620,1232.00815,2109.41287,-2.24415,-0.09358, 0.09447,
 7.00000,3270.40441,15.77100,14192.73606,13.82172,-8.57384, 4.14133,484.15293, 6.03325, 0.33223,-0.21033,-6.79270, 1.74508, 0.09472,-0.02860, 1.10790, 0.45694,180.29259,1232.60897,2109.41287,-2.24415,-0.09358, 0.09447,
 7.10000,3317.24919,18.25424,14180.60864,13.78062,-9.25909, 4.15754,484.91093, 5.32855, 0.22970,-0.53059,-6.42211, 1.82692, 0.08508,-0.02291, 0.99299, 0.45764,180.92849,1233.20910,2109.41287,-2.24415,-0.09358, 0.09447,
 7.20000,3364.16604,20.81196,14168.46353,13.71356,-9.90486, 4.18990,485.71094, 4.70631, 0.12174,-0.66510,-5.95901, 1.85328, 0.07778,-0.01662, 0.89753, 0.45837,181.59726,1233.81034,2109.41287,-2.24415,-0.09358, 0.09447,
 7.30000,3411.15122,23.43823,14156.27039,13.64275,-10.50242, 4.23493,486.54470, 4.16620, 0.01614,-0.55442,-5.43563, 1.82498, 0.07211,-0.01019, 0.81970, 0.45914,182.29308,1234.41420,2109.41287,-2.24415,-0.09358, 0.09447,
 7.40000,3458.20156,26.12859,14144.00438,13.59073,-11.04570, 4.28843,487.40551, 3.70751,-0.08042,-0.26164,-4.87187, 1.74669, 0.06759,-0.00421, 0.75501, 0.45993,183.01122,1235.02191,2109.41287,-2.24415,-0.09358, 0.09447,
 7.50000,3505.31422,28.87962,14131.64487,13.57269,-11.53050, 4.34627,488.28822, 3.32839,-0.16287, 0.13984,-4.28404, 1.62601, 0.06407, 0.00087, 0.70367, 0.46074,183.74807,1235.63449,2109.41287,-2.24415,-0.09358, 0.09447,
 7.60000,3552.48688,31.68883,14119.17540,13.59696,-11.95439, 4.40469,489.18871, 3.02544,-0.22759, 0.58625,-3.68789, 1.47180, 0.06139, 0.00480, 0.66506, 0.46156,184.50075,1236.25277,2109.41287,-2.24415,-0.09358, 0.09447,
 7.70000,3599.71775,34.55453,14106.58353,13.66610,-12.31660, 4.46058,490.10382, 2.79409,-0.27223, 1.02714,-3.09696, 1.29396, 0.05941, 0.00750, 0.63827, 0.46240,185.26704,1236.87737,2109.41287,-2.24415,-0.09358, 0.09447,
 7.80000,3647.00565,37.47575,14093.86052,13.77812,-12.61783, 4.51169,491.03106, 2.62885,-0.29553, 1.42401,-2.52268, 1.10296, 0.05802, 0.00890, 0.62227, 0.46326,186.04518,1237.50874,2109.41287,-2.24415,-0.09358, 0.09447,
 7.90000,3694.34998,40.45208,14081.00103,13.92751,-12.85998, 4.55672,491.96838, 2.52356,-0.29734, 1.74854,-1.97437, 0.90945, 0.05714, 0.00903, 0.61598, 0.46412,186.83373,1238.14714,2109.41287,-2.24415,-0.09358, 0.09447,
 8.00000,3741.75073,43.48361,14068.00278,14.10616,-13.04602, 4.59534,492.91404, 2.47163,-0.27854, 1.98089,-1.45941, 0.72373, 0.05669, 0.00796, 0.61825, 0.46499,187.63144,1238.79270,2109.41287,-2.24415,-0.09358, 0.09447,
 8.10000,3789.20842,46.57088,14054.86620,14.30408,-13.17973, 4.62815,493.86644, 2.46628,-0.24103, 2.10829,-0.98336, 0.55537, 0.05662, 0.00581, 0.62793, 0.46586,188.43715,1239.44541,2109.41287,-2.24415,-0.09358, 0.09447,
 8.20000,3836.72403,49.71476,14041.59405,14.51014,-13.26562, 4.65658,494.82405, 2.50071,-0.18759, 2.12415,-0.55013, 0.41278, 0.05688, 0.00273, 0.64389, 0.46674,189.24971,1240.10513,2109.41287,-2.24415,-0.09358, 0.09447,
 8.30000,3884.29896,52.91642,14028.19110,14.71264,-13.30867, 4.68274,495.78534, 2.56829,-0.12182, 2.02756,-0.16221, 0.30277, 0.05743,-0.00106, 0.66501, 0.46762,190.06797,1240.77164,2109.41287,-2.24415,-0.09358, 0.09447,
 8.40000,3931.93492,56.17728,14014.66373,14.89994,-13.31420, 4.70922,496.74879, 2.66271,-0.04792, 1.82313, 0.17920, 0.23021, 0.05823,-0.00534, 0.69025, 0.46851,190.89076,1241.44463,2109.41287,-2.24415,-0.09358, 0.09447,
 8.50000,3979.63388,59.49898,14001.01966,15.06108,-13.28772, 4.73891,497.71290, 2.77807, 0.02949, 1.52128, 0.47401, 0.19788, 0.05926,-0.00979, 0.71841, 0.46939,191.71688,1242.12373,2109.41287,-2.24415,-0.09358, 0.09447,
 8.60000,4027.39793,62.88329,13987.26755,15.18651,-13.23475, 4.77481,498.67634, 2.90910, 0.10567, 1.14049, 0.72358, 0.20692, 0.06050,-0.01410, 0.74850, 0.47027,192.54528,1242.80851,2109.41287,-2.24415,-0.09358, 0.09447,
 8.70000,4075.22928,66.33215,13973.41667,15.26871,-13.16065, 4.81981,499.63772, 3.05095, 0.17592, 0.70113, 0.92957, 0.25529, 0.06186,-0.01813, 0.78002, 0.47115,193.37483,1243.49851,2109.41287,-2.24415,-0.09358, 0.09447,
 8.80000,4123.13013,69.84755,13959.47679,15.30245,-13.07048, 4.87643,500.59570, 3.19923, 0.23600, 0.22693, 1.09394, 0.33836, 0.06332,-0.02163, 0.81226, 0.47203,194.20442,1244.19325,2109.41287,-2.24415,-0.09358, 0.09447,
 8.90000,4171.10267,73.43156,13945.45789,15.28516,-12.96897, 4.94663,501.54906, 3.35001, 0.28236,-0.25526, 1.21910, 0.44946, 0.06484,-0.02442, 0.84459, 0.47291,195.03304,1244.89225,2109.41287,-2.24415,-0.09358, 0.09447,
 9.00000,4219.14900,77.08625,13931.37002,15.21726,-12.86031, 5.03165,502.49675, 3.49979, 0.31242,-0.71711, 1.30779, 0.58032, 0.06637,-0.02635, 0.87644, 0.47377,195.85979,1245.59501,2109.41287,-2.24415,-0.09358, 0.09447,
 9.10000,4267.27110,80.81370,13917.22308,15.10213,-12.74817, 5.13193,503.43793, 3.64550, 0.32472,-1.13078, 1.36307, 0.72162, 0.06789,-0.02735, 0.90732, 0.47463,196.68392,1246.30104,2109.41287,-2.24415,-0.09358, 0.09447,
 9.20000,4315.47081,84.61595,13903.02666,14.94604,-12.63563, 5.24706,504.37193, 3.78448, 0.31900,-1.47100, 1.38830, 0.86363, 0.06937,-0.02739, 0.93678, 0.47549,197.50481,1247.00985,2109.41287,-2.24415,-0.09358, 0.09447,
 9.30000,4363.74979,88.49498,13888.78995,14.75774,-12.52518, 5.37580,505.29830, 3.91453, 0.29624,-1.71706, 1.38708, 0.99684, 0.07077,-0.02652, 0.96447, 0.47634,198.32204,1247.72101,2109.41287,-2.24415,-0.09358, 0.09447,
 9.40000,4412.10951,92.45272,13874.52155,14.54790,-12.41869, 5.51616,506.21681, 4.03385, 0.25854,-1.85464, 1.36323, 1.11260, 0.07207,-0.02484, 0.99009, 0.47718,199.13532,1248.43408,2109.41287,-2.24415,-0.09358, 0.09447,
 9.50000,4460.55124,96.49099,13860.22946,14.32837,-12.31753, 5.66551,507.12739, 4.14115, 0.20898,-1.87700, 1.32068, 1.20375, 0.07324,-0.02250, 1.01342, 0.47801,199.94450,1249.14866,2109.41287,-2.24415,-0.09358, 0.09447,
 9.60000,4509.07603,100.61152,13845.92092,14.11133,-12.22257, 5.82073,508.03015, 4.23558, 0.15133,-1.78566, 1.26339, 1.26500, 0.07427,-0.01971, 1.03433, 0.47883,200.74959,1249.86439,2109.41287,-2.24415,-0.09358, 0.09447,
 9.70000,4557.68473,104.81599,13831.60247,13.90846,-12.13425, 5.97844,508.92531, 4.31674, 0.08981,-1.59029, 1.19520, 1.29331, 0.07515,-0.01669, 1.05274, 0.47965,201.55068,1250.58095,2109.41287,-2.24415,-0.09358, 0.09447,
 9.80000,4606.37800,109.10591,13817.27981,13.73008,-12.05270, 6.13517,509.81324, 4.38465, 0.02872,-1.30789, 1.11971, 1.28803, 0.07588,-0.01366, 1.06866, 0.48046,202.34800,1251.29805,2109.41287,-2.24415,-0.09358, 0.09447,
 9.90000,4655.15628,113.48276,13802.95792,13.58446,-11.97776, 6.28761,510.69439, 4.43971,-0.02785,-0.96094, 1.04037, 1.25087, 0.07645,-0.01078, 1.08189, 0.48126,203.14183,1252.01544,2109.41287,-2.24415,-0.09358, 0.09447,
10.00000,4704.01985,117.94785,13788.64090,13.47744,-11.90903, 6.43283,511.56932, 4.48277,-0.07631,-0.57417, 0.96101, 1.18588, 0.07686,-0.00826, 1.09266, 0.48206,203.93256,1252.73292,2109.41287,-2.24415,-0.09358, 0.09447,
10.10000,4752.96879,122.50241,13774.33211,13.41202,-11.84593, 6.56842,512.43854, 4.51476,-0.11383,-0.17697, 0.88381, 1.09860, 0.07713,-0.00634, 1.10145, 0.48285,204.72055,1253.45032,2109.41287,-2.24415,-0.09358, 0.09447,
10.20000,4802.00307,127.14753,13760.03427,13.38807,-11.78785, 6.69263,513.30256, 4.53665,-0.13851, 0.20145, 0.81027, 0.99581, 0.07727,-0.00513, 1.10847, 0.48364,205.50614,1254.16750,2109.41287,-2.24415,-0.09358, 0.09447,
10.30000,4851.12254,131.88416,13745.74958,13.40256,-11.73421, 6.80446,514.16187, 4.54947,-0.14947, 0.53470, 0.74146, 0.88501, 0.07730,-0.00468, 1.11392, 0.48442,206.28970,1254.88435,2109.41287,-2.24415,-0.09358, 0.09447,
10.40000,4900.32700,136.71311,13731.47974,13.44986,-11.68446, 6.90364,515.01693, 4.55420,-0.14680, 0.80111, 0.67812, 0.77390, 0.07723,-0.00499, 1.11797, 0.48520,207.07157,1255.60079,2109.41287,-2.24415,-0.09358, 0.09447,
10.50000,4949.61614,141.63500,13717.22605,13.52231,-11.63817, 6.99068,515.86818, 4.55181,-0.13156, 0.98504, 0.62077, 0.66976, 0.07706,-0.00600, 1.12080, 0.48598,207.85207,1256.31674,2109.41287,-2.24415,-0.09358, 0.09447,
10.60000,4998.98965,146.65027,13702.98944,13.61091,-11.59497, 7.06675,516.71601, 4.54327,-0.10561, 1.07775, 0.56979, 0.57900, 0.07682,-0.00762, 1.12260, 0.48675,208.63149,1257.03216,2109.41287,-2.24415,-0.09358, 0.09447,
10.70000,5048.44716,151.75919,13688.77055,13.70602,-11.55458, 7.13361,517.56077, 4.52951,-0.07144, 1.07762, 0.52544, 0.50672, 0.07651,-0.00969, 1.12351, 0.48752,209.41008,1257.74702,2109.41287,-2.24415,-0.09358, 0.09447,
10.80000,5097.98828,156.96182,13674.56975,13.79812,-11.51683, 7.19344,518.40274, 4.51146,-0.03193, 0.98984, 0.48788, 0.45649, 0.07615,-0.01206, 1.12370, 0.48828,210.18807,1258.46130,2109.41287,-2.24415,-0.09358, 0.09447,
10.90000,5147.61262,162.25806,13660.38726,13.87846,-11.48156, 7.24869,519.24217, 4.49005, 0.00983, 0.82569, 0.45723, 0.43010, 0.07574,-0.01451, 1.12324, 0.48905,210.96564,1259.17498,2109.41287,-2.24415,-0.09358, 0.09447,
11.00000,5197.31979,167.64763,13646.22307,13.93972,-11.44862, 7.30189,520.07930, 4.46631, 0.05084, 0.60286, 0.43420, 0.42781, 0.07530,-0.01682, 1.12209, 0.48981,211.74296,1259.88807,2109.41287,-2.24415,-0.09358, 0.09447,
11.10000,5247.10936,173.13015,13632.07703,13.97650,-11.41781, 7.35556,520.91428, 4.44122, 0.08834, 0.34077, 0.41882, 0.44808, 0.07485,-0.01892, 1.12079, 0.49057,212.52016,1260.60057,2109.41287,-2.24415,-0.09358, 0.09447,
11.20000,5296.98094,178.70510,13617.94893,13.98545,-11.38890, 7.41195,521.74716, 4.41559, 0.11996, 0.05971, 0.41053, 0.48786, 0.07439,-0.02067, 1.11953, 0.49132,213.29727,1261.31249,2109.41287,-2.24415,-0.09358, 0.09447,
11.30000,5346.93416,184.37195,13603.83858,13.96532,-11.36163, 7.47294,522.57798, 4.39015, 0.14390,-0.21988, 0.40864, 0.54289, 0.07394,-0.02198, 1.11842, 0.49208,214.07430,1262.02383,2109.41287,-2.24415,-0.09358, 0.09447,
11.40000,5396.96864,190.13013,13589.74584,13.91696,-11.33568, 7.53992,523.40670, 4.36547, 0.15903,-0.47889, 0.41237, 0.60815, 0.07351,-0.02277, 1.11759, 0.49283,214.85122,1262.73461,2109.41287,-2.24415,-0.09358, 0.09447,
11.50000,5447.08404,195.97909,13575.67066,13.84310,-11.31070, 7.61377,524.23326, 4.34200, 0.16487,-0.70078, 0.42091, 0.67818, 0.07309,-0.02304, 1.11710, 0.49358,215.62798,1263.44483,2109.41287,-2.24415,-0.09358, 0.09447,
11.60000,5497.28005,201.91832,13561.61307,13.74811,-11.28624, 7.69478,525.05759, 4.32006, 0.16164,-0.87258, 0.43348, 0.74753, 0.07270,-0.02278, 1.11702, 0.49433,216.40449,1264.15448,2109.41287,-2.24415,-0.09358, 0.09447,
11.70000,5547.55635,207.94742,13547.57323,13.63749,-11.26185, 7.78270,525.87956, 4.29986, 0.15016,-0.98565, 0.44935, 0.81113, 0.07233,-0.02206, 1.11737, 0.49508,217.18065,1264.86356,2109.41287,-2.24415,-0.09358, 0.09447,
11.80000,5597.91265,214.06605,13533.55139,13.51753,-11.23698, 7.87681,526.69905, 4.28153, 0.13180,-1.03593, 0.46786, 0.86459, 0.07199,-0.02094, 1.11815, 0.49582,217.95634,1265.57204,2109.41287,-2.24415,-0.09358, 0.09447,
11.90000,5648.34864,220.27399,13519.54794,13.39472,-11.21110, 7.97598,527.51593, 4.26512, 0.10831,-1.02400, 0.48844, 0.90453, 0.07167,-0.01954, 1.11937, 0.49657,218.73142,1266.27992,2109.41287,-2.24415,-0.09358, 0.09447,
12.00000,5698.86405,226.57114,13505.56337,13.27537,-11.18368, 8.07878,528.33004, 4.25065, 0.08169,-0.95479, 0.51061, 0.92869, 0.07138,-0.01797, 1.12100, 0.49731,219.50577,1266.98716,2109.41287,-2.24415,-0.09358, 0.09447,
12.10000,5749.45858,232.95749,13491.59827,13.16512,-11.15420, 8.18361,529.14121, 4.23810, 0.05404,-0.83690, 0.53392, 0.93610, 0.07112,-0.01635, 1.12302, 0.49804,220.27922,1267.69373,2109.41287,-2.24415,-0.09358, 0.09447,
12.20000,5800.13194,239.43315,13477.65338,13.06860,-11.12220, 8.28883,529.94930, 4.22741, 0.02740,-0.68188, 0.55799, 0.92703, 0.07088,-0.01481, 1.12541, 0.49878,221.05163,1268.39960,2109.41287,-2.24415,-0.09358, 0.09447,
12.30000,5850.88384,245.99831,13463.72949,12.98917,-11.08730, 8.39289,530.75414, 4.21853, 0.00362,-0.50316, 0.58245, 0.90289, 0.07067,-0.01345, 1.12814, 0.49951,221.82284,1269.10472,2109.41287,-2.24415,-0.09358, 0.09447,
12.40000,5901.71400,252.65322,13449.82753,12.92876,-11.04919, 8.49441,531.55558, 4.21137,-0.01578,-0.31463, 0.60714, 0.86620, 0.07048,-0.01232, 1.13101, 0.50023,222.59271,1269.80904,2109.41287,-2.24415,-0.09358, 0.09447,
12.50000,5952.62211,259.39819,13435.94845,12.88789,-11.00765, 8.59230,532.35350, 4.20589,-0.02967,-0.12996, 0.63199, 0.82022, 0.07031,-0.01154, 1.13420, 0.50096,223.36110,1270.51252,2109.41287,-2.24415,-0.09358, 0.09447,
12.60000,6003.60787,266.23355,13422.09332,12.86563,-10.96255, 8.68585,533.14773, 4.20196,-0.03743, 0.03737, 0.65651, 0.76862, 0.07017,-0.01114, 1.13772, 0.50168,224.12785,1271.21510,2109.41287,-2.24415,-0.09358, 0.09447,
12.70000,6054.67100,273.15965,13408.26329,12.85973,-10.91389, 8.77467,533.93811, 4.19939,-0.03889, 0.17605, 0.68024, 0.71524, 0.07004,-0.01114, 1.14152, 0.50239,224.89279,1271.91672,2109.41287,-2.24415,-0.09358, 0.09447,
12.80000,6105.81120,280.17681,13394.45963,12.86686,-10.86181, 8.85878,534.72449, 4.19798,-0.03437, 0.27757, 0.70283, 0.66382, 0.06993,-0.01153, 1.14555, 0.50311,225.65578,1272.61731,2109.41287,-2.24415,-0.09358, 0.09447,
12.90000,6157.02821,287.28535,13380.68369,12.88295,-10.80651, 8.93851,535.50673, 4.19752,-0.02460, 0.33671, 0.72398, 0.61777, 0.06983,-0.01224, 1.14977, 0.50382,226.41667,1273.31680,2109.41287,-2.24415,-0.09358, 0.09447,
13.00000,6208.32176,294.48552,13366.93687,12.90352,-10.74832, 9.01452,536.28470, 4.19778,-0.01064, 0.35169, 0.74352, 0.57988, 0.06974,-0.01322, 1.15411, 0.50452,227.17532,1274.01512,2109.41287,-2.24415,-0.09358, 0.09447,
13.10000,6259.69158,301.77755,13353.22067,12.92404,-10.68759, 9.08770,537.05829, 4.19858, 0.00620, 0.32418, 0.76138, 0.55220, 0.06965,-0.01436, 1.15847, 0.50522,227.93159,1274.71220,2109.41287,-2.24415,-0.09358, 0.09447,
13.20000,6311.13740,309.16160,13339.53657,12.94031,-10.62473, 9.15910,537.82743, 4.19978, 0.02448, 0.25964, 0.77790, 0.53603, 0.06958,-0.01555, 1.16276, 0.50592,228.68539,1275.40795,2109.41287,-2.24415,-0.09358, 0.09447,
13.30000,6362.65896,316.63777,13325.88606,12.94877,-10.56010, 9.22984,538.59202, 4.20129, 0.04275, 0.16529, 0.79322, 0.53167, 0.06950,-0.01673, 1.16708, 0.50661,229.43662,1276.10230,2109.41287,-2.24415,-0.09358, 0.09447,
13.40000,6414.25597,324.20613,13312.27065,12.94666,-10.49406, 9.30103,539.35198, 4.20299, 0.05964, 0.04996, 0.80738, 0.53849, 0.06943,-0.01783, 1.17141, 0.50730,230.18517,1276.79516,2109.41287,-2.24415,-0.09358, 0.09447,
13.50000,6465.92817,331.86671,13298.69186,12.93219,-10.42696, 9.37368,540.10723, 4.20481, 0.07395,-0.07646, 0.82042, 0.55508, 0.06936,-0.01875, 1.17576, 0.50798,230.93094,1277.48647,2109.41287,-2.24415,-0.09358, 0.09447,
13.60000,6517.67527,339.61949,13285.15122,12.90463,-10.35907, 9.44863,540.85770, 4.20665, 0.08478,-0.20382, 0.83240, 0.57935, 0.06929,-0.01946, 1.18010, 0.50866,231.67382,1278.17613,2109.41287,-2.24415,-0.09358, 0.09447,
13.70000,6569.49697,347.46446,13271.65027,12.86425,-10.29063, 9.52645,541.60331, 4.20845, 0.09151,-0.32245, 0.84338, 0.60880, 0.06922,-0.01991, 1.18443, 0.50934,232.41372,1278.86406,2109.41287,-2.24415,-0.09358, 0.09447,
13.80000,6621.39298,355.40159,13258.19055,12.81233,-10.22178, 9.60751,542.34400, 4.21012, 0.09390,-0.42391, 0.85343, 0.64064, 0.06915,-0.02009, 1.18873, 0.51001,233.15055,1279.55020,2109.41287,-2.24415,-0.09358, 0.09447,
13.90000,6673.36297,363.43088,13244.77356,12.75092,-10.15262, 9.69185,543.07971, 4.21160, 0.09204,-0.50157, 0.86265, 0.67211, 0.06907,-0.02000, 1.19299, 0.51067,233.88423,1280.23445,2109.41287,-2.24415,-0.09358, 0.09447,
14.00000,6725.40662,371.55233,13231.40082,12.68269,-10.08317, 9.77928,543.81040, 4.21284, 0.08633,-0.55096, 0.87115, 0.70060, 0.06899,-0.01968, 1.19720, 0.51133,234.61468,1280.91674,2109.41287,-2.24415,-0.09358, 0.09447,
14.10000,6777.52356,379.76596,13218.07381,12.61066,-10.01338, 9.86937,544.53603, 4.21379, 0.07745,-0.57004, 0.87905, 0.72392, 0.06891,-0.01915, 1.20134, 0.51199,235.34182,1281.59698,2109.41287,-2.24415,-0.09358, 0.09447,
14.20000,6829.71342,388.07184,13204.79397,12.53799,-9.94317, 9.96150,545.25654, 4.21442, 0.06627,-0.55924, 0.88649, 0.74039, 0.06882,-0.01849, 1.20541, 0.51264,236.06558,1282.27511,2109.41287,-2.24415,-0.09358, 0.09447,
14.30000,6881.97581,396.47003,13191.56273,12.46769,-9.87241,10.05493,545.97190, 4.21472, 0.05380,-0.52121, 0.89360, 0.74895, 0.06873,-0.01774, 1.20939, 0.51329,236.78590,1282.95104,2109.41287,-2.24415,-0.09358, 0.09447,
14.40000,6934.31030,404.96068,13178.38148,12.40239,-9.80096,10.14884,546.68207, 4.21468, 0.04107,-0.46059, 0.90053, 0.74923, 0.06864,-0.01699, 1.21327, 0.51393,237.50270,1283.62471,2109.41287,-2.24415,-0.09358, 0.09447,
14.50000,6986.71646,413.54390,13165.25157,12.34420,-9.72864,10.24244,547.38703, 4.21432, 0.02908,-0.38344, 0.90739, 0.74152, 0.06854,-0.01628, 1.21707, 0.51456,238.21593,1284.29603,2109.41287,-2.24415,-0.09358, 0.09447,
14.60000,7039.19383,422.21985,13152.17431,12.29456,-9.65533,10.33496,548.08674, 4.21367, 0.01868,-0.29677, 0.91428, 0.72669, 0.06844,-0.01568, 1.22077, 0.51520,238.92551,1284.96494,2109.41287,-2.24415,-0.09358, 0.09447,
14.70000,7091.74193,430.98871,13139.15101,12.25417,-9.58089,10.42580,548.78118, 4.21275, 0.01058,-0.20789, 0.92128, 0.70616, 0.06833,-0.01523, 1.22438, 0.51582,239.63139,1285.63137,2109.41287,-2.24415,-0.09358, 0.09447,
14.80000,7144.36026,439.85064,13126.18292,12.22295,-9.50522,10.51446,549.47030, 4.21162, 0.00524,-0.12382, 0.92844, 0.68165, 0.06822,-0.01496, 1.22790, 0.51644,240.33351,1286.29526,2109.41287,-2.24415,-0.09358, 0.09447,
14.90000,7197.04834,448.80579,13113.27128,12.20015,-9.42826,10.60069,550.15407, 4.21030, 0.00288,-0.05081, 0.93581, 0.65514, 0.06811,-0.01488, 1.23135, 0.51706,241.03179,1286.95652,2109.41287,-2.24415,-0.09358, 0.09447,
15.00000,7249.80563,457.85432,13100.41730,12.18441,-9.34997,10.68439,550.83248, 4.20884, 0.00349, 0.00617, 0.94340, 0.62861, 0.06799,-0.01500, 1.23473, 0.51767,241.72619,1287.61511,2109.41287,-2.24415,-0.09358, 0.09447,
15.10000,7302.63162,466.99632,13087.62218,12.17393,-9.27037,10.76566,551.50547, 4.20728, 0.00682, 0.04371, 0.95122, 0.60394, 0.06788,-0.01528, 1.23805, 0.51828,242.41663,1288.27095,2109.41287,-2.24415,-0.09358, 0.09447,
15.20000,7355.52577,476.23190,13074.88712,12.16661,-9.18950,10.84479,552.17302, 4.20565, 0.01240, 0.06015, 0.95925, 0.58274, 0.06777,-0.01571, 1.24132, 0.51888,243.10304,1288.92398,2109.41287,-2.24415,-0.09358, 0.09447,
15.30000,7408.48756,485.56110,13062.21329,12.16026,-9.10742,10.92219,552.83508, 4.20399, 0.01964, 0.05558, 0.96749, 0.56627, 0.06765,-0.01624, 1.24455, 0.51948,243.78536,1289.57413,2109.41287,-2.24415,-0.09358, 0.09447,
15.40000,7461.51645,494.98395,13049.60185,12.15277,-9.02423,10.99838,553.49162, 4.20234, 0.02785, 0.03177, 0.97591, 0.55532, 0.06754,-0.01683, 1.24776, 0.52007,244.46351,1290.22135,2109.41287,-2.24415,-0.09358, 0.09447,
15.50000,7514.61189,504.50043,13037.05400,12.14228,-8.94003,11.07392,554.14259, 4.20071, 0.03632,-0.00811, 0.98447, 0.55019, 0.06742,-0.01744, 1.25095, 0.52066,245.13742,1290.86556,2109.41287,-2.24415,-0.09358, 0.09447,
15.60000,7567.77334,514.11050,13024.57089,12.12729,-8.85492,11.14939,554.78794, 4.19914, 0.04433,-0.05981, 0.99313, 0.55073, 0.06731,-0.01800, 1.25413, 0.52124,245.80701,1291.50670,2109.41287,-2.24415,-0.09358, 0.09447,
15.70000,7621.00026,523.81410,13012.15371,12.10678,-8.76901,11.22530,555.42762, 4.19764, 0.05129,-0.11840, 1.00186, 0.55632, 0.06720,-0.01850, 1.25731, 0.52181,246.47221,1292.14472,2109.41287,-2.24415,-0.09358, 0.09447,
15.80000,7674.29208,533.61115,12999.80364,12.08027,-8.68237,11.30212,556.06159, 4.19622, 0.05669,-0.17872, 1.01061, 0.56599, 0.06710,-0.01889, 1.26050, 0.52238,247.13293,1292.77953,2109.41287,-2.24415,-0.09358, 0.09447,
15.90000,7727.64825,543.50156,12987.52185,12.04777,-8.59507,11.38016,556.68980, 4.19489, 0.06021,-0.23578, 1.01933, 0.57852, 0.06699,-0.01915, 1.26371, 0.52295,247.78910,1293.41109,2109.41287,-2.24415,-0.09358, 0.09447,
16.00000,7781.06820,553.48522,12975.30954,12.00983,-8.50715,11.45964,557.31220, 4.19366, 0.06169,-0.28519, 1.02799, 0.59251, 0.06689,-0.01928, 1.26692, 0.52351,248.44063,1294.03932,2109.41287,-2.24415,-0.09358, 0.09447,
16.10000,7834.55136,563.56205,12963.16789,11.96737,-8.41863,11.54061,557.92873, 4.19250, 0.06114,-0.32345, 1.03657, 0.60655, 0.06678,-0.01927, 1.27013, 0.52406,249.08745,1294.66416,2109.41287,-2.24415,-0.09358, 0.09447,
16.20000,7888.09713,573.73196,12951.09808,11.92167,-8.32949,11.62301,558.53935, 4.19143, 0.05874,-0.34817, 1.04503, 0.61933, 0.06668,-0.01913, 1.27335, 0.52461,249.72946,1295.28554,2109.41287,-2.24415,-0.09358, 0.09447,
16.30000,7941.70491,583.99488,12939.10132,11.87418,-8.23970,11.70665,559.14401, 4.19041, 0.05480,-0.35823, 1.05338, 0.62970, 0.06658,-0.01890, 1.27657, 0.52516,250.36661,1295.90340,2109.41287,-2.24415,-0.09358, 0.09447,
16.40000,7995.37410,594.35076,12927.17876,11.82640,-8.14922,11.79124,559.74267, 4.18945, 0.04975,-0.35374, 1.06160, 0.63680, 0.06649,-0.01860, 1.27978, 0.52569,250.99880,1296.51767,2109.41287,-2.24415,-0.09358, 0.09447,
16.50000,8049.10406,604.79955,12915.33159,11.77981,-8.05797,11.87641,560.33527, 4.18853, 0.04405,-0.33602, 1.06971, 0.64008, 0.06639,-0.01825, 1.28298, 0.52623,251.62597,1297.12829,2109.41287,-2.24415,-0.09358, 0.09447,
16.60000,8102.89415,615.34122,12903.56098,11.73566,-7.96589,11.96178,560.92179, 4.18765, 0.03823,-0.30736, 1.07772, 0.63935, 0.06630,-0.01790, 1.28616, 0.52675,252.24803,1297.73520,2109.41287,-2.24415,-0.09358, 0.09447,
16.70000,8156.74371,625.97576,12891.86808,11.69496,-7.87292,12.04697,561.50216, 4.18679, 0.03274,-0.27080, 1.08563, 0.63475, 0.06620,-0.01758, 1.28931, 0.52727,252.86491,1298.33832,2109.41287,-2.24415,-0.09358, 0.09447,
16.80000,8210.65209,636.70318,12880.25404,11.65839,-7.77899,12.13160,562.07637, 4.18596, 0.02802,-0.22983, 1.09345, 0.62673, 0.06611,-0.01731, 1.29243, 0.52779,253.47654,1298.93760,2109.41287,-2.24415,-0.09358, 0.09447,
16.90000,8264.61860,647.52345,12868.71999,11.62623,-7.68405,12.21538,562.64436, 4.18516, 0.02439,-0.18809, 1.10121, 0.61600, 0.06602,-0.01712, 1.29553, 0.52830,254.08285,1299.53297,2109.41287,-2.24415,-0.09358, 0.09447,
17.00000,8318.64254,658.43659,12857.26707,11.59842,-7.58809,12.29809,563.20609, 4.18438, 0.02206,-0.14903, 1.10890, 0.60345, 0.06593,-0.01701, 1.29859, 0.52880,254.68376,1300.12438,2109.41287,-2.24415,-0.09358, 0.09447,
17.10000,8372.72322,669.44259,12845.89639,11.57455,-7.49107,12.37961,563.76154, 4.18362, 0.02113,-0.11565, 1.11653, 0.59005, 0.06584,-0.01700, 1.30161, 0.52930,255.27921,1300.71175,2109.41287,-2.24415,-0.09358, 0.09447,
17.20000,8426.85994,680.54142,12834.60906,11.55392,-7.39300,12.45990,564.31065, 4.18289, 0.02158,-0.09031, 1.12409, 0.57679, 0.06575,-0.01709, 1.30461, 0.52979,255.86913,1301.29502,2109.41287,-2.24415,-0.09358, 0.09447,
17.30000,8481.05197,691.73305,12823.40618,11.53565,-7.29392,12.53902,564.85340, 4.18218, 0.02327,-0.07452, 1.13159, 0.56459, 0.06566,-0.01726, 1.30757, 0.53028,256.45344,1301.87414,2109.41287,-2.24415,-0.09358, 0.09447,
17.40000,8535.29859,703.01744,12812.28884,11.51872,-7.19385,12.61712,565.38975, 4.18151, 0.02595,-0.06891, 1.13903, 0.55421, 0.06557,-0.01749, 1.31049, 0.53076,257.03208,1302.44905,2109.41287,-2.24415,-0.09358, 0.09447,
17.50000,8589.59908,714.39451,12801.25813,11.50208,-7.09285,12.69442,565.91967, 4.18087, 0.02934,-0.07324, 1.14638, 0.54622, 0.06549,-0.01777, 1.31339, 0.53124,257.60498,1303.01967,2109.41287,-2.24415,-0.09358, 0.09447,
17.60000,8643.95270,725.86418,12790.31512,11.48475,-6.99098,12.77116,566.44311, 4.18027, 0.03310,-0.08643, 1.15366, 0.54095, 0.06541,-0.01808, 1.31627, 0.53171,258.17208,1303.58596,2109.41287,-2.24415,-0.09358, 0.09447,
17.70000,8698.35871,737.42634,12779.46089,11.46591,-6.88831,12.84761,566.96004, 4.17970, 0.03687,-0.10674, 1.16083, 0.53848, 0.06532,-0.01838, 1.31912, 0.53217,258.73329,1304.14785,2109.41287,-2.24415,-0.09358, 0.09447,
17.80000,8752.81636,749.08086,12768.69651,11.44490,-6.78488,12.92405,567.47042, 4.17917, 0.04035,-0.13196, 1.16791, 0.53867, 0.06524,-0.01866, 1.32194, 0.53263,259.28856,1304.70528,2109.41287,-2.24415,-0.09358, 0.09447,
17.90000,8807.32491,760.82762,12758.02303,11.42135,-6.68076,13.00070,567.97422, 4.17867, 0.04324,-0.15961, 1.17487, 0.54115, 0.06516,-0.01889, 1.32475, 0.53308,259.83782,1305.25819,2109.41287,-2.24415,-0.09358, 0.09447,
18.00000,8861.88359,772.66646,12747.44152,11.39510,-6.57601,13.07776,568.47140, 4.17820, 0.04535,-0.18717, 1.18170, 0.54538, 0.06508,-0.01907, 1.32754, 0.53352,260.38099,1305.80653,2109.41287,-2.24415,-0.09358, 0.09447,
18.10000,8916.49165,784.59723,12736.95302,11.36628,-6.47064,13.15537,568.96194, 4.17776, 0.04655,-0.21229, 1.18840, 0.55073, 0.06501,-0.01918, 1.33030, 0.53396,260.91802,1306.35023,2109.41287,-2.24415,-0.09358, 0.09447,
18.20000,8971.14830,796.61977,12726.55858,11.33523,-6.36470,13.23359,569.44579, 4.17734, 0.04679,-0.23299, 1.19497, 0.55651, 0.06493,-0.01923, 1.33305, 0.53439,261.44884,1306.88923,2109.41287,-2.24415,-0.09358, 0.09447,
18.30000,9025.85276,808.73392,12716.25923,11.30247,-6.25819,13.31243,569.92292, 4.17693, 0.04612,-0.24781, 1.20140, 0.56204, 0.06486,-0.01921, 1.33577, 0.53482,261.97337,1307.42348,2109.41287,-2.24415,-0.09358, 0.09447,
18.40000,9080.60424,820.93952,12706.05598,11.26865,-6.15111,13.39183,570.39330, 4.17654, 0.04465,-0.25587, 1.20770, 0.56670, 0.06478,-0.01914, 1.33846, 0.53524,262.49157,1307.95292,2109.41287,-2.24415,-0.09358, 0.09447,
18.50000,9135.40194,833.23642,12695.94987,11.23447,-6.04345,13.47166,570.85689, 4.17615, 0.04255,-0.25691, 1.21387, 0.57000, 0.06471,-0.01902, 1.34112, 0.53565,263.00336,1308.47748,2109.41287,-2.24415,-0.09358, 0.09447,
18.60000,9190.24503,845.62447,12685.94187,11.20065,-5.93519,13.55177,571.31368, 4.17577, 0.04006,-0.25133, 1.21992, 0.57160, 0.06464,-0.01888, 1.34376, 0.53606,263.50869,1308.99712,2109.41287,-2.24415,-0.09358, 0.09447,
18.70000,9245.13271,858.10352,12676.03300,11.16782,-5.82631,13.63199,571.76364, 4.17538, 0.03739,-0.24002, 1.22586, 0.57132, 0.06456,-0.01873, 1.34635, 0.53646,264.00749,1309.51178,2109.41287,-2.24415,-0.09358, 0.09447,
18.80000,9300.06413,870.67343,12666.22421,11.13651,-5.71678,13.71212,572.20672, 4.17498, 0.03479,-0.22433, 1.23171, 0.56916, 0.06449,-0.01858, 1.34891, 0.53686,264.49972,1310.02140,2109.41287,-2.24415,-0.09358, 0.09447,
18.90000,9355.03844,883.33405,12656.51647,11.10711,-5.60659,13.79200,572.64291, 4.17459, 0.03247,-0.20587, 1.23746, 0.56528, 0.06442,-0.01845, 1.35144, 0.53725,264.98530,1310.52593,2109.41287,-2.24415,-0.09358, 0.09447,
19.00000,9410.05480,896.08524,12646.91073,11.07981,-5.49570,13.87146,573.07219, 4.17419, 0.03060,-0.18641, 1.24315, 0.55999, 0.06435,-0.01836, 1.35392, 0.53763,265.46418,1311.02531,2109.41287,-2.24415,-0.09358, 0.09447,
19.10000,9465.11233,908.92686,12637.40791,11.05463,-5.38411,13.95038,573.49452, 4.17379, 0.02930,-0.16764, 1.24876, 0.55368, 0.06428,-0.01831, 1.35636, 0.53801,265.93631,1311.51949,2109.41287,-2.24415,-0.09358, 0.09447,
19.20000,9520.21018,921.85876,12628.00895,11.03145,-5.27182,14.02870,573.90989, 4.17340, 0.02864,-0.15112, 1.25430, 0.54682, 0.06422,-0.01830, 1.35876, 0.53838,266.40163,1312.00842,2109.41287,-2.24415,-0.09358, 0.09447,
19.30000,9575.34746,934.88078,12618.71475,11.00996,-5.15882,14.10639,574.31826, 4.17301, 0.02863,-0.13809, 1.25979, 0.53988, 0.06415,-0.01834, 1.36112, 0.53874,266.86010,1312.49204,2109.41287,-2.24415,-0.09358, 0.09447,
19.40000,9630.52329,947.99275,12609.52620,10.98977,-5.04512,14.18345,574.71962, 4.17263, 0.02921,-0.12939, 1.26521, 0.53333, 0.06409,-0.01842, 1.36344, 0.53910,267.31165,1312.97030,2109.41287,-2.24415,-0.09358, 0.09447,
19.50000,9685.73678,961.19449,12600.44418,10.97042,-4.93076,14.25995,575.11395, 4.17226, 0.03028,-0.12545, 1.27057, 0.52755, 0.06402,-0.01853, 1.36573, 0.53945,267.75623,1313.44316,2109.41287,-2.24415,-0.09358, 0.09447,
19.60000,9740.98703,974.48581,12591.46956,10.95141,-4.81574,14.33599,575.50121, 4.17191, 0.03173,-0.12625, 1.27586, 0.52285, 0.06396,-0.01867, 1.36798, 0.53979,268.19379,1313.91056,2109.41287,-2.24415,-0.09358, 0.09447,
19.70000,9796.27314,987.86651,12582.60320,10.93229,-4.70011,14.41167,575.88139, 4.17158, 0.03337,-0.13136, 1.28107, 0.51942, 0.06390,-0.01882, 1.37019, 0.54013,268.62429,1314.37246,2109.41287,-2.24415,-0.09358, 0.09447,
19.80000,9851.59421,1001.33638,12573.84595,10.91263,-4.58389,14.48713,576.25446, 4.17128, 0.03507,-0.14002, 1.28621, 0.51731, 0.06384,-0.01897, 1.37237, 0.54046,269.04766,1314.82880,2109.41287,-2.24415,-0.09358, 0.09447,
19.90000,9906.94933,1014.89519,12565.19865,10.89215,-4.46712,14.56249,576.62040, 4.17099, 0.03665,-0.15119, 1.29126, 0.51649, 0.06378,-0.01912, 1.37452, 0.54079,269.46386,1315.27953,2109.41287,-2.24415,-0.09358, 0.09447,
20.00000,9962.33758,1028.54271,12556.66212,10.87061,-4.34982,14.63786,576.97920, 4.17073, 0.03799,-0.16369, 1.29622, 0.51678, 0.06372,-0.01924, 1.37664, 0.54111,269.87284,1315.72462,2109.41287,-2.24415,-0.09358, 0.09447,
20.10000,10017.75805,1042.27868,12548.23718,10.84796,-4.23202,14.71334,577.33082, 4.17050, 0.03898,-0.17633, 1.30109, 0.51795, 0.06366,-0.01934, 1.37873, 0.54142,270.27455,1316.16400,2109.41287,-2.24415,-0.09358, 0.09447,
20.20000,10073.20979,1056.10287,12539.92463,10.82423,-4.11375,14.78900,577.67526, 4.17028, 0.03955,-0.18797, 1.30584, 0.51971, 0.06361,-0.01941, 1.38078, 0.54173,270.66894,1316.59764,2109.41287,-2.24415,-0.09358, 0.09447,
20.30000,10128.69189,1070.01502,12531.72526,10.79956,-3.99503,14.86488,578.01248, 4.17008, 0.03969,-0.19764, 1.31049, 0.52170, 0.06355,-0.01944, 1.38281, 0.54202,271.05597,1317.02548,2109.41287,-2.24415,-0.09358, 0.09447,
20.40000,10184.20340,1084.01487,12523.63986,10.77420,-3.87585,14.94097,578.34246, 4.16990, 0.03941,-0.20461, 1.31503, 0.52362, 0.06350,-0.01944, 1.38480, 0.54232,271.43558,1317.44749,2109.41287,-2.24415,-0.09358, 0.09447,
20.50000,10239.74338,1098.10215,12515.66920,10.74844,-3.75624,15.01726,578.66520, 4.16974, 0.03875,-0.20845, 1.31945, 0.52517, 0.06345,-0.01942, 1.38676, 0.54260,271.80774,1317.86362,2109.41287,-2.24415,-0.09358, 0.09447,
20.60000,10295.31087,1112.27662,12507.81403,10.72262,-3.63618,15.09368,578.98067, 4.16958, 0.03780,-0.20902, 1.32376, 0.52611, 0.06340,-0.01937, 1.38868, 0.54288,272.17240,1318.27382,2109.41287,-2.24415,-0.09358, 0.09447,
20.70000,10350.90491,1126.53800,12500.07509,10.69705,-3.51568,15.17018,579.28886, 4.16944, 0.03666,-0.20649, 1.32797, 0.52626, 0.06335,-0.01932, 1.39057, 0.54316,272.52951,1318.67805,2109.41287,-2.24415,-0.09358, 0.09447,
20.80000,10406.52455,1140.88604,12492.45312,10.67203,-3.39474,15.24667,579.58974, 4.16931, 0.03544,-0.20129, 1.33207, 0.52555, 0.06330,-0.01925, 1.39242, 0.54342,272.87905,1319.07627,2109.41287,-2.24415,-0.09358, 0.09447,
20.90000,10462.16879,1155.32047,12484.94881,10.64780,-3.27334,15.32305,579.88331, 4.16918, 0.03425,-0.19403, 1.33608, 0.52397, 0.06326,-0.01919, 1.39423, 0.54368,273.22096,1319.46844,2109.41287,-2.24415,-0.09358, 0.09447,
21.00000,10517.83668,1169.84102,12477.56288,10.62455,-3.15148,15.39925,580.16955, 4.16906, 0.03318,-0.18550, 1.33998, 0.52160, 0.06321,-0.01914, 1.39600, 0.54393,273.55521,1319.85451,2109.41287,-2.24415,-0.09358, 0.09447,
21.10000,10573.52722,1184.44743,12470.29600,10.60235,-3.02917,15.47520,580.44844, 4.16894, 0.03233,-0.17652, 1.34380, 0.51858, 0.06316,-0.01910, 1.39773, 0.54418,273.88176,1320.23445,2109.41287,-2.24415,-0.09358, 0.09447,
21.20000,10629.23942,1199.13942,12463.14885,10.58122,-2.90640,15.55084,580.71998, 4.16883, 0.03173,-0.16790, 1.34752, 0.51510, 0.06312,-0.01909, 1.39941, 0.54442,274.20058,1320.60822,2109.41287,-2.24415,-0.09358, 0.09447,
21.30000,10684.97228,1213.91671,12456.12208,10.56108,-2.78317,15.62614,580.98415, 4.16873, 0.03143,-0.16035, 1.35116, 0.51138, 0.06308,-0.01909, 1.40106, 0.54465,274.51162,1320.97577,2109.41287,-2.24415,-0.09358, 0.09447,
21.40000,10740.72482,1228.77903,12449.21631,10.54180,-2.65949,15.70109,581.24094, 4.16864, 0.03142,-0.15445, 1.35471, 0.50765, 0.06304,-0.01912, 1.40266, 0.54488,274.81486,1321.33707,2109.41287,-2.24415,-0.09358, 0.09447,
21.50000,10796.49602,1243.72608,12442.43219,10.52319,-2.53538,15.77570,581.49033, 4.16856, 0.03168,-0.15058, 1.35818, 0.50412, 0.06300,-0.01916, 1.40422, 0.54510,275.11027,1321.69209,2109.41287,-2.24415,-0.09358, 0.09447,
21.60000,10852.28488,1258.75756,12435.77031,10.50502,-2.41084,15.84999,581.73233, 4.16849, 0.03216,-0.14892, 1.36156, 0.50097, 0.06296,-0.01922, 1.40574, 0.54531,275.39781,1322.04078,2109.41287,-2.24415,-0.09358, 0.09447,
21.70000,10908.09039,1273.87316,12429.23128,10.48709,-2.28590,15.92401,581.96691, 4.16843, 0.03280,-0.14944, 1.36486, 0.49834, 0.06292,-0.01929, 1.40722, 0.54552,275.67744,1322.38312,2109.41287,-2.24415,-0.09358, 0.09447,
21.80000,10963.91153,1289.07258,12422.81566,10.46917,-2.16058,15.99781,582.19407, 4.16839, 0.03353,-0.15192, 1.36806, 0.49631, 0.06289,-0.01937, 1.40866, 0.54572,275.94915,1322.71906,2109.41287,-2.24415,-0.09358, 0.09447,
21.90000,11019.74729,1304.35548,12416.52404,10.45110,-2.03489,16.07146,582.41380, 4.16836, 0.03427,-0.15597, 1.37118, 0.49490, 0.06285,-0.01944, 1.41006, 0.54591,276.21289,1323.04858,2109.41287,-2.24415,-0.09358, 0.09447,
22.00000,11075.59665,1319.72155,12410.35695,10.43272,-1.90886,16.14501,582.62609, 4.16835, 0.03495,-0.16110, 1.37419, 0.49408, 0.06282,-0.01951, 1.41143, 0.54610,276.46865,1323.37164,2109.41287,-2.24415,-0.09358, 0.09447,
22.10000,11131.45860,1335.17043,12404.31495,10.41396,-1.78249,16.21851,582.83093, 4.16836, 0.03551,-0.16676, 1.37711, 0.49377, 0.06279,-0.01957, 1.41275, 0.54627,276.71639,1323.68821,2109.41287,-2.24415,-0.09358, 0.09447,
22.20000,11187.33209,1350.70180,12398.39854,10.39480,-1.65583,16.29200,583.02831, 4.16837, 0.03591,-0.17238, 1.37994, 0.49385, 0.06275,-0.01962, 1.41404, 0.54645,276.95609,1323.99826,2109.41287,-2.24415,-0.09358, 0.09447,
22.30000,11243.21612,1366.31529,12392.60825,10.37525,-1.52886,16.36552,583.21824, 4.16841, 0.03611,-0.17746, 1.38265, 0.49418, 0.06272,-0.01965, 1.41529, 0.54661,277.18772,1324.30176,2109.41287,-2.24415,-0.09358, 0.09447,
22.40000,11299.10964,1382.01057,12386.94457,10.35541,-1.40162,16.43908,583.40069, 4.16845, 0.03612,-0.18155, 1.38527, 0.49459, 0.06270,-0.01966, 1.41650, 0.54677,277.41127,1324.59867,2109.41287,-2.24415,-0.09358, 0.09447,
22.50000,11355.01163,1397.78726,12381.40797,10.33539,-1.27411,16.51267,583.57567, 4.16851, 0.03594,-0.18436, 1.38777, 0.49495, 0.06267,-0.01966, 1.41767, 0.54692,277.62669,1324.88897,2109.41287,-2.24415,-0.09358, 0.09447,
22.60000,11410.92104,1413.64502,12375.99893,10.31532,-1.14633,16.58629,583.74316, 4.16857, 0.03559,-0.18571, 1.39018, 0.49513, 0.06264,-0.01965, 1.41880, 0.54707,277.83399,1325.17264,2109.41287,-2.24415,-0.09358, 0.09447,
22.70000,11466.83684,1429.58348,12370.71790,10.29535,-1.01830,16.65990,583.90318, 4.16865, 0.03513,-0.18556, 1.39248, 0.49500, 0.06262,-0.01963, 1.41989, 0.54721,278.03313,1325.44963,2109.41287,-2.24415,-0.09358, 0.09447,
22.80000,11522.75798,1445.60227,12365.56530,10.27563,-0.89001,16.73348,584.05570, 4.16874, 0.03459,-0.18404, 1.39467, 0.49452, 0.06260,-0.01961, 1.42094, 0.54734,278.22410,1325.71994,2109.41287,-2.24415,-0.09358, 0.09447,
22.90000,11578.68342,1461.70103,12360.54156,10.25630,-0.76148,16.80698,584.20074, 4.16883, 0.03403,-0.18136, 1.39677, 0.49364, 0.06257,-0.01958, 1.42195, 0.54747,278.40687,1325.98353,2109.41287,-2.24415,-0.09358, 0.09447,
23.00000,11634.61212,1477.87939,12355.64708,10.23744,-0.63270,16.88037,584.33829, 4.16893, 0.03349,-0.17784, 1.39877, 0.49238, 0.06255,-0.01955, 1.42291, 0.54758,278.58144,1326.24038,2109.41287,-2.24415,-0.09358, 0.09447,
23.10000,11690.54301,1494.13698,12350.88224,10.21913,-0.50369,16.95361,584.46834, 4.16904, 0.03301,-0.17383, 1.40067, 0.49078, 0.06253,-0.01953, 1.42384, 0.54770,278.74779,1326.49046,2109.41287,-2.24415,-0.09358, 0.09447,
23.20000,11746.47505,1510.47342,12346.24743,10.20139,-0.37443,17.02666,584.59089, 4.16915, 0.03265,-0.16973, 1.40247, 0.48891, 0.06251,-0.01952, 1.42472, 0.54780,278.90590,1326.73376,2109.41287,-2.24415,-0.09358, 0.09447,
23.30000,11802.40719,1526.88832,12341.74299,10.18422,-0.24495,17.09952,584.70596, 4.16927, 0.03240,-0.16590, 1.40418, 0.48687, 0.06250,-0.01952, 1.42555, 0.54790,279.05576,1326.97024,2109.41287,-2.24415,-0.09358, 0.09447,
23.40000,11858.33837,1543.38132,12337.36925,10.16757,-0.11524,17.17216,584.81353, 4.16940, 0.03229,-0.16264, 1.40580, 0.48476, 0.06248,-0.01952, 1.42635, 0.54799,279.19736,1327.19990,2109.41287,-2.24415,-0.09358, 0.09447,
23.50000,11914.26753,1559.95201,12333.12655,10.15137, 0.01468,17.24458,584.91360, 4.16954, 0.03231,-0.16019, 1.40733, 0.48268, 0.06247,-0.01954, 1.42710, 0.54808,279.33068,1327.42271,2109.41287,-2.24415,-0.09358, 0.09447,
23.60000,11970.19361,1576.60000,12329.01519,10.13553, 0.14480,17.31679,585.00619, 4.16969, 0.03244,-0.15871, 1.40877, 0.48072, 0.06245,-0.01956, 1.42781, 0.54815,279.45573,1327.63864,2109.41287,-2.24415,-0.09358, 0.09447,
23.70000,12026.11557,1593.32489,12325.03546,10.11996, 0.27512,17.38881,585.09129, 4.16985, 0.03267,-0.15824, 1.41011, 0.47897, 0.06244,-0.01959, 1.42847, 0.54823,279.57249,1327.84770,2109.41287,-2.24415,-0.09358, 0.09447,
23.80000,12082.03234,1610.12628,12321.18763,10.10455, 0.40560,17.46066,585.16890, 4.17002, 0.03296,-0.15873, 1.41137, 0.47748, 0.06243,-0.01962, 1.42910, 0.54829,279.68096,1328.04984,2109.41287,-2.24415,-0.09358, 0.09447,
23.90000,12137.94287,1627.00376,12317.47196,10.08920, 0.53625,17.53237,585.23904, 4.17020, 0.03327,-0.16006, 1.41252, 0.47627, 0.06242,-0.01965, 1.42968, 0.54835,279.78113,1328.24507,2109.41287,-2.24415,-0.09358, 0.09447,
24.00000,12193.84609,1643.95691,12313.88870,10.07385, 0.66705,17.60395,585.30169, 4.17040, 0.03358,-0.16203, 1.41359, 0.47535, 0.06241,-0.01968, 1.43022, 0.54840,279.87299,1328.43337,2109.41287,-2.24415,-0.09358, 0.09447,
24.10000,12249.74095,1660.98531,12310.43807,10.05845, 0.79798,17.67544,585.35687, 4.17060, 0.03386,-0.16441, 1.41456, 0.47469, 0.06240,-0.01971, 1.43072, 0.54844,279.95654,1328.61471,2109.41287,-2.24415,-0.09358, 0.09447,
24.20000,12305.62640,1678.08853,12307.12029,10.04296, 0.92902,17.74686,585.40458, 4.17082, 0.03407,-0.16693, 1.41543, 0.47426, 0.06240,-0.01974, 1.43118, 0.54848,280.03178,1328.78909,2109.41287,-2.24415,-0.09358, 0.09447,
24.30000,12361.50138,1695.26614,12303.93555,10.02738, 1.06018,17.81823,585.44483, 4.17105, 0.03420,-0.16936, 1.41620, 0.47398, 0.06239,-0.01975, 1.43159, 0.54851,280.09870,1328.95650,2109.41287,-2.24415,-0.09358, 0.09447,
24.40000,12417.36483,1712.51772,12300.88404,10.01174, 1.19143,17.88955,585.47762, 4.17129, 0.03425,-0.17145, 1.41687, 0.47380, 0.06239,-0.01976, 1.43197, 0.54854,280.15732,1329.11692,2109.41287,-2.24415,-0.09358, 0.09447,
24.50000,12473.21570,1729.84283,12297.96591, 9.99607, 1.32276,17.96084,585.50296, 4.17154, 0.03421,-0.17305, 1.41744, 0.47364, 0.06239,-0.01976, 1.43230, 0.54855,280.20762,1329.27034,2109.41287,-2.24415,-0.09358, 0.09447,
24.60000,12529.05293,1747.24101,12295.18132, 9.98044, 1.45417,18.03209,585.52086, 4.17180, 0.03409,-0.17403, 1.41792, 0.47344, 0.06239,-0.01976, 1.43260, 0.54857,280.24961,1329.41675,2109.41287,-2.24415,-0.09358, 0.09447,
24.70000,12584.87547,1764.71185,12292.53040, 9.96490, 1.58564,18.10328,585.53133, 4.17207, 0.03390,-0.17435, 1.41829, 0.47314, 0.06239,-0.01975, 1.43285, 0.54857,280.28330,1329.55615,2109.41287,-2.24415,-0.09358, 0.09447,
24.80000,12640.68227,1782.25487,12290.01328, 9.94953, 1.71717,18.17442,585.53437, 4.17234, 0.03366,-0.17400, 1.41856, 0.47270, 0.06239,-0.01973, 1.43306, 0.54857,280.30869,1329.68852,2109.41287,-2.24415,-0.09358, 0.09447,
24.90000,12696.47227,1799.86966,12287.63004, 9.93438, 1.84875,18.24548,585.52999, 4.17263, 0.03340,-0.17307, 1.41874, 0.47210, 0.06239,-0.01972, 1.43323, 0.54856,280.32578,1329.81386,2109.41287,-2.24415,-0.09358, 0.09447,
25.00000,12752.24443,1817.55574,12285.38078, 9.91951, 1.98037,18.31645,585.51821, 4.17293, 0.03314,-0.17167, 1.41882, 0.47132, 0.06239,-0.01970, 1.43335, 0.54854,280.33458,1329.93217,2109.41287,-2.24415,-0.09358, 0.09447,
25.10000,12807.99769,1835.31267,12283.26556, 9.90496, 2.11203,18.38730,585.49903, 4.17323, 0.03290,-0.16996, 1.41880, 0.47039, 0.06240,-0.01969, 1.43343, 0.54852,280.33511,1330.04343,2109.41287,-2.24415,-0.09358, 0.09447,
25.20000,12863.73100,1853.14000,12281.28444, 9.89074, 2.24371,18.45802,585.47247, 4.17354, 0.03269,-0.16811, 1.41869, 0.46933, 0.06241,-0.01967, 1.43347, 0.54849,280.32736,1330.14764,2109.41287,-2.24415,-0.09358, 0.09447,
25.30000,12919.44333,1871.03726,12279.43746, 9.87687, 2.37542,18.52861,585.43853, 4.17386, 0.03254,-0.16628, 1.41848, 0.46817, 0.06241,-0.01966, 1.43347, 0.54846,280.31136,1330.24481,2109.41287,-2.24415,-0.09358, 0.09447,
25.40000,12975.13362,1889.00400,12277.72462, 9.86332, 2.50714,18.59905,585.39724, 4.17419, 0.03244,-0.16463, 1.41818, 0.46695, 0.06242,-0.01966, 1.43343, 0.54841,280.28711,1330.33492,2109.41287,-2.24415,-0.09358, 0.09447,
25.50000,13030.80084,1907.03976,12276.14595, 9.85009, 2.63886,18.66934,585.34859, 4.17453, 0.03240,-0.16329, 1.41778, 0.46573, 0.06243,-0.01966, 1.43334, 0.54836,280.25462,1330.41798,2109.41287,-2.24415,-0.09358, 0.09447,
25.60000,13086.44394,1925.14406,12274.70143, 9.83712, 2.77058,18.73948,585.29262, 4.17487, 0.03242,-0.16235, 1.41730, 0.46455, 0.06245,-0.01966, 1.43321, 0.54831,280.21392,1330.49398,2109.41287,-2.24415,-0.09358, 0.09447,
25.70000,13142.06189,1943.31645,12273.39102, 9.82438, 2.90228,18.80948,585.22932, 4.17523, 0.03249,-0.16185, 1.41672, 0.46345, 0.06246,-0.01966, 1.43304, 0.54825,280.16501,1330.56293,2109.41287,-2.24415,-0.09358, 0.09447,
25.80000,13197.65366,1961.55643,12272.21469, 9.81182, 3.03395,18.87934,585.15872, 4.17560, 0.03259,-0.16180, 1.41605, 0.46246, 0.06247,-0.01967, 1.43283, 0.54818,280.10791,1330.62483,2109.41287,-2.24415,-0.09358, 0.09447,
25.90000,13253.21821,1979.86355,12271.17238, 9.79939, 3.16558,18.94908,585.08084, 4.17597, 0.03272,-0.16217, 1.41529, 0.46159, 0.06249,-0.01968, 1.43257, 0.54810,280.04264,1330.67968,2109.41287,-2.24415,-0.09358, 0.09447,
26.00000,13308.75453,1998.23732,12270.26401, 9.78707, 3.29716,19.01871,584.99567, 4.17636, 0.03285,-0.16288, 1.41443, 0.46086, 0.06250,-0.01969, 1.43228, 0.54802,279.96923,1330.72748,2109.41287,-2.24415,-0.09358, 0.09447,
26.10000,13364.26158,2016.67725,12269.48950, 9.77481, 3.42868,19.08823,584.90325, 4.17676, 0.03297,-0.16383, 1.41348, 0.46026, 0.06252,-0.01969, 1.43194, 0.54793,279.88768,1330.76824,2109.41287,-2.24415,-0.09358, 0.09447,
26.20000,13419.73835,2035.18287,12268.84873, 9.76261, 3.56012,19.15767,584.80359, 4.17716, 0.03307,-0.16491, 1.41244, 0.45978, 0.06254,-0.01970, 1.43156, 0.54784,279.79801,1330.80196,2109.41287,-2.24415,-0.09358, 0.09447,
26.30000,13475.18382,2053.75368,12268.34159, 9.75045, 3.69148,19.22703,584.69670, 4.17758, 0.03315,-0.16602, 1.41130, 0.45940, 0.06256,-0.01970, 1.43115, 0.54774,279.70026,1330.82865,2109.41287,-2.24415,-0.09358, 0.09447,
26.40000,13530.59698,2072.38919,12267.96793, 9.73833, 3.82274,19.29631,584.58261, 4.17801, 0.03318,-0.16704, 1.41007, 0.45908, 0.06258,-0.01970, 1.43069, 0.54763,279.59445,1330.84832,2109.41287,-2.24415,-0.09358, 0.09447,
26.50000,13585.97683,2091.08892,12267.72762, 9.72628, 3.95389,19.36553,584.46134, 4.17845, 0.03317,-0.16788, 1.40874, 0.45879, 0.06260,-0.01969, 1.43019, 0.54751,279.48059,1330.86096,2109.41287,-2.24415,-0.09358, 0.09447,
26.60000,13641.32234,2109.85237,12267.62048, 9.71430, 4.08493,19.43468,584.33289, 4.17890, 0.03313,-0.16847, 1.40732, 0.45851, 0.06263,-0.01968, 1.42965, 0.54739,279.35871,1330.86660,2109.41287,-2.24415,-0.09358, 0.09447,
26.70000,13696.63254,2128.67904,12267.64632, 9.70244, 4.21585,19.50376,584.19729, 4.17936, 0.03305,-0.16878, 1.40580, 0.45820, 0.06265,-0.01967, 1.42907, 0.54727,279.22885,1330.86524,2109.41287,-2.24415,-0.09358, 0.09447,
26.80000,13751.90642,2147.56843,12267.80496, 9.69071, 4.34662,19.57277,584.05457, 4.17983, 0.03295,-0.16880, 1.40420, 0.45785, 0.06268,-0.01965, 1.42845, 0.54713,279.09102,1330.85689,2109.41287,-2.24415,-0.09358, 0.09447,
26.90000,13807.14299,2166.52005,12268.09617, 9.67914, 4.47726,19.64169,583.90473, 4.18030, 0.03283,-0.16853, 1.40249, 0.45744, 0.06271,-0.01964, 1.42779, 0.54699,278.94525,1330.84157,2109.41287,-2.24415,-0.09358, 0.09447,
27.00000,13862.34127,2185.53339,12268.51973, 9.66776, 4.60774,19.71053,583.74781, 4.18079, 0.03271,-0.16803, 1.40070, 0.45697, 0.06274,-0.01962, 1.42709, 0.54685,278.79158,1330.81928,2109.41287,-2.24415,-0.09358, 0.09447,
27.10000,13917.50026,2204.60796,12269.07540, 9.65660, 4.73807,19.77928,583.58383, 4.18129, 0.03259,-0.16734, 1.39881, 0.45642, 0.06277,-0.01960, 1.42635, 0.54670,278.63003,1330.79003,2109.41287,-2.24415,-0.09358, 0.09447,
27.20000,13972.61900,2223.74326,12269.76291, 9.64565, 4.86823,19.84792,583.41280, 4.18179, 0.03247,-0.16655, 1.39683, 0.45581, 0.06280,-0.01959, 1.42557, 0.54654,278.46065,1330.75385,2109.41287,-2.24415,-0.09358, 0.09447,
27.30000,14027.69652,2242.93877,12270.58201, 9.63493, 4.99821,19.91645,583.23475, 4.18231, 0.03238,-0.16573, 1.39476, 0.45516, 0.06283,-0.01957, 1.42476, 0.54637,278.28345,1330.71075,2109.41287,-2.24415,-0.09358, 0.09447,
27.40000,14082.73184,2262.19399,12271.53238, 9.62443, 5.12801,19.98488,583.04970, 4.18283, 0.03232,-0.16494, 1.39260, 0.45448, 0.06286,-0.01956, 1.42390, 0.54620,278.09847,1330.66074,2109.41287,-2.24415,-0.09358, 0.09447,
27.50000,14137.72401,2281.50842,12272.61374, 9.61416, 5.25761,20.05318,582.85768, 4.18337, 0.03228,-0.16427, 1.39035, 0.45379, 0.06290,-0.01954, 1.42300, 0.54602,277.90575,1330.60383,2109.41287,-2.24415,-0.09358, 0.09447,
27.60000,14192.67207,2300.88155,12273.82576, 9.60408, 5.38701,20.12137,582.65871, 4.18391, 0.03226,-0.16375, 1.38802, 0.45311, 0.06293,-0.01953, 1.42206, 0.54584,277.70533,1330.54006,2109.41287,-2.24415,-0.09358, 0.09447,
27.70000,14247.57506,2320.31286,12275.16812, 9.59419, 5.51620,20.18945,582.45282, 4.18447, 0.03227,-0.16341, 1.38559, 0.45247, 0.06297,-0.01952, 1.42108, 0.54565,277.49723,1330.46943,2109.41287,-2.24415,-0.09358, 0.09447,
27.80000,14302.43206,2339.80186,12276.64046, 9.58447, 5.64517,20.25742,582.24003, 4.18503, 0.03230,-0.16328, 1.38307, 0.45187, 0.06301,-0.01951, 1.42007, 0.54545,277.28150,1330.39196,2109.41287,-2.24415,-0.09358, 0.09447,
27.90000,14357.24211,2359.34802,12278.24242, 9.57489, 5.77390,20.32528,582.02036, 4.18561, 0.03234,-0.16334, 1.38047, 0.45132, 0.06305,-0.01950, 1.41901, 0.54525,277.05818,1330.30768,2109.41287,-2.24415,-0.09358, 0.09447,
28.00000,14412.00429,2378.95083,12279.97363, 9.56544, 5.90240,20.39304,581.79385, 4.18620, 0.03239,-0.16358, 1.37778, 0.45084, 0.06309,-0.01949, 1.41792, 0.54504,276.82730,1330.21660,2109.41287,-2.24415,-0.09358, 0.09447,
28.10000,14466.71767,2398.60978,12281.83370, 9.55610, 6.03064,20.46071,581.56051, 4.18679, 0.03245,-0.16395, 1.37500, 0.45043, 0.06313,-0.01948, 1.41679, 0.54483,276.58891,1330.11875,2109.41287,-2.24415,-0.09358, 0.09447,
28.20000,14521.38133,2418.32435,12283.82222, 9.54686, 6.15862,20.52828,581.32038, 4.18740, 0.03249,-0.16441, 1.37213, 0.45008, 0.06317,-0.01947, 1.41562, 0.54461,276.34304,1330.01415,2109.41287,-2.24415,-0.09358, 0.09447,
28.30000,14575.99437,2438.09403,12285.93877, 9.53770, 6.28633,20.59577,581.07349, 4.18802, 0.03253,-0.16492, 1.36917, 0.44978, 0.06321,-0.01946, 1.41442, 0.54438,276.08974,1329.90282,2109.41287,-2.24415,-0.09358, 0.09447,
28.40000,14630.55586,2457.91830,12288.18293, 9.52864, 6.41376,20.66318,580.81986, 4.18865, 0.03255,-0.16542, 1.36613, 0.44953, 0.06326,-0.01945, 1.41318, 0.54415,275.82906,1329.78478,2109.41287,-2.24415,-0.09358, 0.09447,
28.50000,14685.06493,2477.79665,12290.55425, 9.51967, 6.54090,20.73051,580.55952, 4.18930, 0.03255,-0.16586, 1.36300, 0.44931, 0.06330,-0.01943, 1.41190, 0.54391,275.56103,1329.66007,2109.41287,-2.24415,-0.09358, 0.09447,
28.60000,14739.52067,2497.72854,12293.05227, 9.51080, 6.66774,20.79776,580.29250, 4.18995, 0.03254,-0.16622, 1.35978, 0.44910, 0.06335,-0.01942, 1.41058, 0.54366,275.28570,1329.52870,2109.41287,-2.24415,-0.09358, 0.09447,
28.70000,14793.92220,2517.71347,12295.67651, 9.50204, 6.79428,20.86494,580.01883, 4.19061, 0.03251,-0.16647, 1.35647, 0.44890, 0.06340,-0.01940, 1.40923, 0.54341,275.00311,1329.39071,2109.41287,-2.24415,-0.09358, 0.09447,
28.80000,14848.26864,2537.75092,12298.42649, 9.49340, 6.92049,20.93204,579.73854, 4.19129, 0.03246,-0.16659, 1.35308, 0.44869, 0.06345,-0.01938, 1.40785, 0.54315,274.71332,1329.24612,2109.41287,-2.24415,-0.09358, 0.09447,
28.90000,14902.55912,2557.84037,12301.30172, 9.48489, 7.04638,20.99906,579.45166, 4.19197, 0.03241,-0.16659, 1.34960, 0.44846, 0.06350,-0.01936, 1.40642, 0.54289,274.41637,1329.09496,2109.41287,-2.24415,-0.09358, 0.09447,
29.00000,14956.79278,2577.98130,12304.30167, 9.47652, 7.17194,21.06600,579.15821, 4.19267, 0.03235,-0.16646, 1.34603, 0.44821, 0.06355,-0.01933, 1.40496, 0.54262,274.11230,1328.93725,2109.41287,-2.24415,-0.09358, 0.09447,
29.10000,15010.96877,2598.17319,12307.42583, 9.46830, 7.29715,21.13285,578.85825, 4.19338, 0.03229,-0.16625, 1.34238, 0.44794, 0.06360,-0.01931, 1.40347, 0.54235,273.80117,1328.77303,2109.41287,-2.24415,-0.09358, 0.09447,
29.20000,15065.08622,2618.41553,12310.67365, 9.46024, 7.42202,21.19961,578.55178, 4.19410, 0.03223,-0.16596, 1.33864, 0.44765, 0.06366,-0.01929, 1.40194, 0.54207,273.48303,1328.60233,2109.41287,-2.24415,-0.09358, 0.09447,
29.30000,15119.14431,2638.70779,12314.04459, 9.45235, 7.54652,21.26628,578.23885, 4.19483, 0.03218,-0.16564, 1.33482, 0.44733, 0.06371,-0.01927, 1.40037, 0.54178,273.15793,1328.42517,2109.41287,-2.24415,-0.09358, 0.09447,
29.40000,15173.14220,2659.04946,12317.53807, 9.44461, 7.67066,21.33286,577.91949, 4.19557, 0.03214,-0.16531, 1.33092, 0.44701, 0.06377,-0.01924, 1.39877, 0.54149,272.82591,1328.24160,2109.41287,-2.24415,-0.09358, 0.09447,
29.50000,15227.07906,2679.44002,12321.15353, 9.43704, 7.79442,21.39934,577.59373, 4.19632, 0.03211,-0.16502, 1.32693, 0.44668, 0.06382,-0.01922, 1.39714, 0.54119,272.48704,1328.05164,2109.41287,-2.24415,-0.09358, 0.09447,
29.60000,15280.95408,2699.87896,12324.89037, 9.42963, 7.91780,21.46573,577.26161, 4.19708, 0.03209,-0.16477, 1.32286, 0.44635, 0.06388,-0.01920, 1.39547, 0.54089,272.14135,1327.85532,2109.41287,-2.24415,-0.09358, 0.09447,
29.70000,15334.76644,2720.36575,12328.74799, 9.42236, 8.04079,21.53202,576.92316, 4.19786, 0.03208,-0.16460, 1.31871, 0.44604, 0.06394,-0.01918, 1.39377, 0.54058,271.78892,1327.65268,2109.41287,-2.24415,-0.09358, 0.09447,
29.80000,15388.51536,2740.89988,12332.72578, 9.41524, 8.16338,21.59821,576.57841, 4.19865, 0.03208,-0.16451, 1.31447, 0.44575, 0.06400,-0.01916, 1.39203, 0.54027,271.42978,1327.44375,2109.41287,-2.24415,-0.09358, 0.09447,
29.90000,15442.20002,2761.48084,12336.82311, 9.40824, 8.28556,21.66431,576.22740, 4.19945, 0.03209,-0.16452, 1.31015, 0.44548, 0.06406,-0.01914, 1.39026, 0.53994,271.06400,1327.22858,2109.41287,-2.24415,-0.09358, 0.09447,
30.00000,15495.81966,2782.10811,12341.03934, 9.40137, 8.40732,21.73032,575.87016, 4.20026, 0.03211,-0.16461, 1.30576, 0.44525, 0.06412,-0.01912, 1.38846, 0.53962,270.69164,1327.00719,2109.41287,-2.24415,-0.09358, 0.09447,
